64.0000 51.0000 1.0000 1.5781
65.0000 64.0000 1.5070 2.0525
67.0000 64.0000 1.9944 2.5565
41.0000 59.0000 2.5031 5.3420
69.0000 64.0000 2.5217 3.9510
48.0000 64.0000 2.9976 5.3420
55.0000 62.0000 3.4608 5.3420
53.0000 67.0000 3.9285 5.3529
67.0000 56.0000 3.9437 4.5101
60.0000 73.0000 4.4217 5.3624
69.0000 64.0000 4.4266 4.9417
74.0000 72.0000 4.8887 5.4260
72.0000 72.0000 5.3506 5.8718
45.0000 53.0000 5.3526 6.2980
60.0000 66.0000 5.3565 6.2980
53.0000 53.0000 5.3636 6.2980
65.0000 71.0000 5.3707 6.2980
69.0000 64.0000 5.8232 6.3417
65.0000 67.0000 6.3004 10.1999
67.0000 59.0000 6.3083 6.8610
53.0000 52.0000 6.3120 10.1999
46.0000 50.0000 6.3150 10.1999
60.0000 52.0000 6.3289 10.1999
62.0000 67.0000 6.3313 10.1999
65.0000 59.0000 6.7927 7.3358
58.0000 63.0000 7.2549 10.1999
62.0000 58.0000 7.2863 8.3241
65.0000 72.0000 7.7790 10.1999
70.0000 72.0000 8.2790 10.1999
65.0000 59.0000 8.7531 9.3199
69.0000 68.0000 9.2458 9.7696
70.0000 76.0000 9.6917 10.2459
69.0000 78.0000 10.2033 12.0624
53.0000 59.0000 10.2036 11.9146
60.0000 67.0000 10.2087 12.0624
72.0000 72.0000 10.2240 11.7473
52.0000 77.0000 11.1981 12.1033
74.0000 71.0000 11.6644 12.2514
57.0000 62.0000 12.1478 14.0688
65.0000 71.0000 12.1528 14.0688
50.0000 63.0000 12.1597 14.0688
72.0000 71.0000 12.1616 12.6240
69.0000 64.0000 12.5943 13.0991
65.0000 64.0000 13.0738 13.6208
69.0000 58.0000 13.5721 14.1079
55.0000 56.0000 14.0472 15.9155
74.0000 67.0000 14.0541 15.9155
67.0000 54.0000 14.0620 15.8496
70.0000 70.0000 14.1922 15.9155
69.0000 76.0000 14.2098 15.9155
69.0000 75.0000 14.7499 15.8730
67.0000 83.0000 15.0054 15.9155
65.0000 79.0000 15.4535 15.9799
64.0000 72.0000 15.9290 18.0004
55.0000 42.0000 15.9441 18.0564
48.0000 58.0000 15.9512 18.0564
60.0000 71.0000 16.1874 18.0564
64.0000 58.0000 16.5081 17.0778
70.0000 63.0000 17.0128 18.1737
76.0000 68.0000 17.0149 18.1840
72.0000 72.0000 17.0239 18.1737
65.0000 72.0000 17.0250 17.5843
67.0000 72.0000 17.5316 18.0827
69.0000 72.0000 18.0232 19.5051
41.0000 61.0000 18.0444 20.8942
48.0000 67.0000 18.5334 20.8717
55.0000 67.0000 18.9968 20.8942
53.0000 72.0000 19.4665 20.9049
67.0000 59.0000 19.4815 20.0770
60.0000 77.0000 19.9737 20.9180
69.0000 72.0000 19.9829 20.4992
74.0000 72.0000 20.4412 21.0107
72.0000 72.0000 20.9024 21.4370
60.0000 68.0000 20.9446 21.9836
45.0000 54.0000 20.9521 21.8588
53.0000 57.0000 20.9550 21.8588
65.0000 76.0000 20.9626 22.0603
69.0000 64.0000 21.3688 21.9241
67.0000 64.0000 21.8795 22.4037
46.0000 62.0000 21.8866 25.8127
65.0000 59.0000 22.3564 22.8659
53.0000 67.0000 22.3690 25.8127
62.0000 59.0000 22.8270 23.8693
65.0000 70.0000 22.8507 25.8127
62.0000 68.0000 22.8589 25.8127
60.0000 58.0000 22.8646 25.8127
58.0000 70.0000 23.3377 25.8127
65.0000 73.0000 23.8476 25.8545
64.0000 59.0000 24.3062 24.8669
65.0000 71.0000 24.7657 25.2963
67.0000 71.0000 25.2310 25.8517
69.0000 64.0000 25.7428 27.2424
48.0000 62.0000 25.7777 27.6911
77.0000 76.0000 25.7851 27.6911
69.0000 70.0000 25.7926 27.6911
72.0000 75.0000 26.2805 27.6911
65.0000 73.0000 26.2806 27.6911
69.0000 81.0000 26.7410 27.6911
60.0000 74.0000 26.7487 27.6911
70.0000 71.0000 27.1648 27.7486
57.0000 74.0000 27.1965 27.6911
65.0000 73.0000 27.2110 27.6911
69.0000 64.0000 27.6876 28.2278
48.0000 58.0000 27.7151 29.6755
58.0000 59.0000 27.7269 29.6755
62.0000 74.0000 27.7318 29.6755
67.0000 64.0000 28.1747 28.7056
65.0000 64.0000 28.6392 29.1582
72.0000 75.0000 28.6794 29.6755
64.0000 64.0000 28.6849 29.6755
67.0000 59.0000 29.1490 29.7520
70.0000 73.0000 29.1587 29.6755
62.0000 70.0000 29.1605 29.6755
41.0000 56.0000 29.6826 32.5551
65.0000 59.0000 29.6864 31.0370
60.0000 62.0000 29.6886 32.5551
69.0000 72.0000 29.6990 32.5551
48.0000 67.0000 30.1722 32.5551
55.0000 68.0000 30.6484 32.5551
53.0000 77.0000 31.1026 32.5551
57.0000 86.0000 31.5937 32.5551
60.0000 84.0000 32.0316 32.5551
72.0000 80.0000 32.0385 32.5905
58.0000 67.0000 32.5188 33.5558
74.0000 91.0000 32.5283 33.0529
48.0000 72.0000 32.5364 33.5558
60.0000 81.0000 32.5434 33.5681
64.0000 83.0000 32.5520 33.5765
76.0000 91.0000 33.0212 33.5750
77.0000 91.0000 33.5290 34.9778
50.0000 77.0000 33.5365 35.4399
57.0000 84.0000 33.7916 35.3911
62.0000 88.0000 34.0013 35.3911
64.0000 86.0000 34.2062 35.3911
65.0000 91.0000 34.4421 35.4023
76.0000 80.0000 34.9093 35.2589
60.0000 83.0000 34.9255 35.4023
76.0000 80.0000 35.3840 35.9119
62.0000 62.0000 35.3852 37.3801
58.0000 63.0000 35.3871 37.3258
65.0000 73.0000 35.4144 37.5170
70.0000 75.0000 35.4218 37.4884
74.0000 80.0000 35.8660 36.3457
72.0000 76.0000 36.3502 36.8117
60.0000 72.0000 36.3511 37.3258
74.0000 72.0000 36.8235 37.3003
41.0000 65.0000 37.2945 40.2204
72.0000 72.0000 37.3088 37.8226
48.0000 69.0000 37.7661 40.2204
69.0000 64.0000 37.7995 38.2746
65.0000 59.0000 38.2404 39.1022
55.0000 70.0000 38.2587 40.2204
53.0000 76.0000 38.7132 40.2204
57.0000 84.0000 39.1787 40.2204
60.0000 86.0000 39.6272 40.2372
72.0000 72.0000 39.6369 40.1809
74.0000 91.0000 40.0926 40.6404
48.0000 75.0000 40.1295 41.1655
58.0000 84.0000 40.1344 41.1468
76.0000 84.0000 40.5620 41.1208
55.0000 75.0000 40.6282 41.1468
77.0000 80.0000 41.0637 42.5025
50.0000 74.0000 41.1185 43.1023
57.0000 83.0000 41.3713 42.9552
62.0000 87.0000 41.5886 42.9552
64.0000 86.0000 41.7953 42.9552
65.0000 92.0000 42.0425 42.9552
76.0000 80.0000 42.4580 42.7611
60.0000 84.0000 42.4764 42.9552
62.0000 67.0000 42.9123 44.9110
58.0000 63.0000 42.9269 44.9262
65.0000 71.0000 42.9422 45.2474
76.0000 80.0000 42.9437 43.5079
70.0000 73.0000 42.9748 45.2981
74.0000 79.0000 43.4360 43.9018
72.0000 71.0000 43.9009 44.3548
69.0000 62.0000 44.3407 44.8866
67.0000 54.0000 44.8505 46.6093
55.0000 50.0000 44.8639 47.2515
62.0000 61.0000 45.3487 46.8691
69.0000 82.0000 45.7846 46.8691
67.0000 77.0000 46.2425 46.8867
65.0000 75.0000 46.7518 48.7880
48.0000 56.0000 46.7554 48.8681
60.0000 57.0000 46.7620 48.8538
64.0000 75.0000 47.2328 48.8538
72.0000 72.0000 47.2597 47.6047
62.0000 82.0000 47.6904 48.8538
58.0000 64.0000 47.6953 48.8538
72.0000 80.0000 47.7779 48.0646
60.0000 83.0000 48.2359 49.6324
72.0000 92.0000 48.2517 48.8707
41.0000 78.0000 48.8419 51.1808
81.0000 92.0000 48.8752 50.3278
48.0000 76.0000 49.3602 50.7389
55.0000 77.0000 49.7800 50.7258
57.0000 84.0000 50.2090 50.7258
79.0000 80.0000 50.2674 50.6485
46.0000 65.0000 50.7258 53.1093
62.0000 71.0000 50.7281 52.9552
65.0000 79.0000 50.7292 52.9552
79.0000 76.0000 50.7726 51.3084
77.0000 76.0000 51.2777 51.7277
74.0000 72.0000 51.7311 52.2153
62.0000 69.0000 51.7550 53.2414
70.0000 74.0000 51.7555 53.2414
77.0000 64.0000 52.2137 52.7014
72.0000 71.0000 52.6991 53.2883
65.0000 66.0000 52.8022 54.5694
72.0000 74.0000 52.8159 54.5694
81.0000 74.0000 52.8288 54.5694
69.0000 64.0000 53.2591 53.8055
79.0000 80.0000 53.2889 54.5694
64.0000 73.0000 53.2969 54.5786
65.0000 59.0000 53.7988 55.1851
77.0000 80.0000 53.8747 55.9258
69.0000 73.0000 53.8809 55.3560
62.0000 69.0000 53.8975 55.3560
60.0000 74.0000 54.4846 55.3560
74.0000 68.0000 55.1475 58.0505
68.0000 59.0000 55.1514 58.0139
59.0000 64.0000 55.1553 58.0139
64.0000 54.0000 56.1285 56.8046
65.0000 62.0000 56.6883 57.3077
67.0000 64.0000 57.2056 57.8311
69.0000 62.0000 57.7787 58.3110
69.0000 68.0000 57.8305 60.0820
60.0000 61.0000 57.8506 60.0600
74.0000 64.0000 58.3004 58.8777
72.0000 71.0000 58.8267 59.3707
69.0000 58.0000 59.3498 59.8743
67.0000 55.0000 59.8855 60.4971
62.0000 54.0000 59.9680 63.0636
48.0000 56.0000 59.9920 63.0636
70.0000 65.0000 60.0075 63.0636
65.0000 55.0000 60.4662 61.1807
62.0000 57.0000 61.1344 61.9007
64.0000 56.0000 61.8850 62.8909
65.0000 54.0000 62.8250 65.9490
53.0000 59.0000 62.9614 65.9839
65.0000 56.0000 62.9626 65.9815
60.0000 44.0000 62.9633 65.9698
69.0000 56.0000 62.9703 66.0095
