64.0000 51.0000 1.0000 1.5781
65.0000 64.0000 1.5070 2.0525
67.0000 64.0000 1.9944 2.5565
69.0000 64.0000 2.5217 3.9510
67.0000 56.0000 3.9437 4.5101
69.0000 64.0000 4.4266 4.9417
74.0000 72.0000 4.8887 5.4260
72.0000 72.0000 5.3506 5.8718
69.0000 64.0000 5.8232 6.3417
67.0000 59.0000 6.3083 6.8610
65.0000 59.0000 6.7927 7.3358
62.0000 58.0000 7.2863 8.3241
65.0000 59.0000 8.7531 9.3199
69.0000 68.0000 9.2458 9.7696
70.0000 76.0000 9.6917 10.2459
72.0000 72.0000 10.2240 11.7473
74.0000 71.0000 11.6644 12.2514
72.0000 71.0000 12.1616 12.6240
69.0000 64.0000 12.5943 13.0991
65.0000 64.0000 13.0738 13.6208
69.0000 58.0000 13.5721 14.1079
67.0000 54.0000 14.0620 15.8496
64.0000 58.0000 16.5081 17.0778
65.0000 72.0000 17.0250 17.5843
67.0000 72.0000 17.5316 18.0827
69.0000 72.0000 18.0232 19.5051
67.0000 59.0000 19.4815 20.0770
69.0000 72.0000 19.9829 20.4992
74.0000 72.0000 20.4412 21.0107
72.0000 72.0000 20.9024 21.4370
69.0000 64.0000 21.3688 21.9241
67.0000 64.0000 21.8795 22.4037
65.0000 59.0000 22.3564 22.8659
62.0000 59.0000 22.8270 23.8693
64.0000 59.0000 24.3062 24.8669
65.0000 71.0000 24.7657 25.2963
67.0000 71.0000 25.2310 25.8517
69.0000 64.0000 25.7428 27.2424
70.0000 71.0000 27.1648 27.7486
69.0000 64.0000 27.6876 28.2278
67.0000 64.0000 28.1747 28.7056
65.0000 64.0000 28.6392 29.1582
67.0000 59.0000 29.1490 29.7520
65.0000 59.0000 29.6864 31.0370
72.0000 80.0000 32.0385 32.5905
74.0000 91.0000 32.5283 33.0529
76.0000 91.0000 33.0212 33.5750
77.0000 91.0000 33.5290 34.9778
76.0000 80.0000 34.9093 35.2589
76.0000 80.0000 35.3840 35.9119
74.0000 80.0000 35.8660 36.3457
72.0000 76.0000 36.3502 36.8117
74.0000 72.0000 36.8235 37.3003
72.0000 72.0000 37.3088 37.8226
69.0000 64.0000 37.7995 38.2746
65.0000 59.0000 38.2404 39.1022
72.0000 72.0000 39.6369 40.1809
74.0000 91.0000 40.0926 40.6404
76.0000 84.0000 40.5620 41.1208
77.0000 80.0000 41.0637 42.5025
76.0000 80.0000 42.4580 42.7611
76.0000 80.0000 42.9437 43.5079
74.0000 79.0000 43.4360 43.9018
72.0000 71.0000 43.9009 44.3548
69.0000 62.0000 44.3407 44.8866
67.0000 54.0000 44.8505 46.6093
72.0000 72.0000 47.2597 47.6047
72.0000 80.0000 47.7779 48.0646
72.0000 92.0000 48.2517 48.8707
81.0000 92.0000 48.8752 50.3278
79.0000 80.0000 50.2674 50.6485
79.0000 76.0000 50.7726 51.3084
77.0000 76.0000 51.2777 51.7277
74.0000 72.0000 51.7311 52.2153
77.0000 64.0000 52.2137 52.7014
72.0000 71.0000 52.6991 53.2883
69.0000 64.0000 53.2591 53.8055
65.0000 59.0000 53.7988 55.1851
64.0000 54.0000 56.1285 56.8046
65.0000 62.0000 56.6883 57.3077
67.0000 64.0000 57.2056 57.8311
69.0000 62.0000 57.7787 58.3110
74.0000 64.0000 58.3004 58.8777
72.0000 71.0000 58.8267 59.3707
69.0000 58.0000 59.3498 59.8743
67.0000 55.0000 59.8855 60.4971
65.0000 55.0000 60.4662 61.1807
62.0000 57.0000 61.1344 61.9007
64.0000 56.0000 61.8850 62.8909
65.0000 54.0000 62.8250 65.9490
