4.100000000000000000e+01 5.900000000000000000e+01 2.509100000000000108e+00 5.341999999999999638e+00
4.800000000000000000e+01 6.500000000000000000e+01 3.010699999999999932e+00 5.341999999999999638e+00
5.500000000000000000e+01 6.200000000000000000e+01 3.464599999999999902e+00 5.341999999999999638e+00
5.300000000000000000e+01 6.800000000000000000e+01 3.928500000000000103e+00 5.352899999999999991e+00
6.000000000000000000e+01 7.300000000000000000e+01 4.421700000000000408e+00 5.362400000000000055e+00
4.500000000000000000e+01 5.300000000000000000e+01 5.352599999999999802e+00 6.298000000000000043e+00
5.300000000000000000e+01 5.400000000000000000e+01 5.360899999999999999e+00 6.298000000000000043e+00
6.000000000000000000e+01 6.700000000000000000e+01 5.342800000000000438e+00 6.298000000000000043e+00
6.500000000000000000e+01 7.100000000000000000e+01 5.370700000000000252e+00 6.298000000000000043e+00
4.600000000000000000e+01 5.100000000000000000e+01 6.315000000000000391e+00 1.019989999999999952e+01
5.300000000000000000e+01 5.400000000000000000e+01 6.312000000000000277e+00 1.019989999999999952e+01
6.000000000000000000e+01 5.300000000000000000e+01 6.282099999999999795e+00 1.011400000000000077e+01
6.200000000000000000e+01 6.700000000000000000e+01 6.331299999999999706e+00 1.019989999999999952e+01
6.500000000000000000e+01 6.700000000000000000e+01 6.300399999999999778e+00 1.019989999999999952e+01
5.800000000000000000e+01 6.400000000000000000e+01 7.254900000000000126e+00 1.019989999999999952e+01
6.500000000000000000e+01 7.200000000000000000e+01 7.778999999999999915e+00 1.019989999999999952e+01
7.000000000000000000e+01 7.200000000000000000e+01 8.278999999999999915e+00 1.019989999999999952e+01
5.300000000000000000e+01 6.000000000000000000e+01 1.020359999999999978e+01 1.191460000000000008e+01
6.000000000000000000e+01 6.700000000000000000e+01 1.020870000000000033e+01 1.206240000000000023e+01
6.900000000000000000e+01 8.000000000000000000e+01 1.020330000000000048e+01 1.206240000000000023e+01
5.200000000000000000e+01 7.800000000000000000e+01 1.119810000000000016e+01 1.210330000000000084e+01
5.000000000000000000e+01 6.300000000000000000e+01 1.215970000000000084e+01 1.406879999999999953e+01
5.700000000000000000e+01 6.300000000000000000e+01 1.214780000000000015e+01 1.406879999999999953e+01
6.500000000000000000e+01 7.100000000000000000e+01 1.215279999999999916e+01 1.406879999999999953e+01
5.500000000000000000e+01 5.900000000000000000e+01 1.401640000000000086e+01 1.584600000000000009e+01
6.900000000000000000e+01 7.800000000000000000e+01 1.420979999999999954e+01 1.591549999999999976e+01
7.000000000000000000e+01 7.000000000000000000e+01 1.419219999999999970e+01 1.591549999999999976e+01
7.400000000000000000e+01 6.700000000000000000e+01 1.405410000000000004e+01 1.591549999999999976e+01
6.900000000000000000e+01 7.500000000000000000e+01 1.474990000000000023e+01 1.584600000000000009e+01
6.700000000000000000e+01 8.300000000000000000e+01 1.500539999999999985e+01 1.591549999999999976e+01
6.500000000000000000e+01 7.900000000000000000e+01 1.545350000000000001e+01 1.597990000000000066e+01
4.800000000000000000e+01 5.800000000000000000e+01 1.595120000000000005e+01 1.805640000000000001e+01
5.500000000000000000e+01 4.200000000000000000e+01 1.594410000000000061e+01 1.805640000000000001e+01
6.400000000000000000e+01 7.300000000000000000e+01 1.592900000000000027e+01 1.800039999999999907e+01
6.000000000000000000e+01 7.200000000000000000e+01 1.618740000000000023e+01 1.805640000000000001e+01
7.000000000000000000e+01 6.400000000000000000e+01 1.698689999999999856e+01 1.817370000000000019e+01
7.200000000000000000e+01 7.200000000000000000e+01 1.700779999999999959e+01 1.817370000000000019e+01
7.600000000000000000e+01 7.000000000000000000e+01 1.699790000000000134e+01 1.818400000000000105e+01
4.100000000000000000e+01 6.100000000000000000e+01 1.804439999999999955e+01 2.089420000000000144e+01
4.800000000000000000e+01 6.800000000000000000e+01 1.853340000000000032e+01 2.087170000000000059e+01
5.500000000000000000e+01 6.800000000000000000e+01 1.899680000000000035e+01 2.089420000000000144e+01
5.300000000000000000e+01 7.200000000000000000e+01 1.946649999999999991e+01 2.090490000000000137e+01
6.000000000000000000e+01 7.700000000000000000e+01 1.997370000000000090e+01 2.091799999999999926e+01
4.500000000000000000e+01 5.400000000000000000e+01 2.095210000000000150e+01 2.185119999999999862e+01
5.300000000000000000e+01 5.800000000000000000e+01 2.095499999999999829e+01 2.185119999999999862e+01
6.000000000000000000e+01 6.800000000000000000e+01 2.094460000000000122e+01 2.193130000000000024e+01
6.500000000000000000e+01 7.600000000000000000e+01 2.096259999999999835e+01 2.202220000000000155e+01
4.600000000000000000e+01 6.200000000000000000e+01 2.187679999999999936e+01 2.581269999999999953e+01
5.300000000000000000e+01 6.600000000000000000e+01 2.234359999999999857e+01 2.581269999999999953e+01
6.000000000000000000e+01 5.800000000000000000e+01 2.285979999999999990e+01 2.581269999999999953e+01
6.200000000000000000e+01 6.800000000000000000e+01 2.285539999999999949e+01 2.581269999999999953e+01
6.500000000000000000e+01 7.000000000000000000e+01 2.284550000000000125e+01 2.581269999999999953e+01
5.800000000000000000e+01 6.900000000000000000e+01 2.332329999999999970e+01 2.581269999999999953e+01
6.500000000000000000e+01 7.200000000000000000e+01 2.384169999999999945e+01 2.585450000000000159e+01
4.800000000000000000e+01 6.100000000000000000e+01 2.503569999999999851e+01 2.690850000000000009e+01
6.900000000000000000e+01 6.900000000000000000e+01 2.575540000000000163e+01 2.768189999999999884e+01
7.700000000000000000e+01 7.500000000000000000e+01 2.573710000000000164e+01 2.768189999999999884e+01
6.500000000000000000e+01 7.200000000000000000e+01 2.626960000000000051e+01 2.768189999999999884e+01
7.200000000000000000e+01 7.500000000000000000e+01 2.627899999999999991e+01 2.765510000000000090e+01
6.000000000000000000e+01 7.200000000000000000e+01 2.673189999999999955e+01 2.768189999999999884e+01
6.900000000000000000e+01 8.000000000000000000e+01 2.671989999999999910e+01 2.768189999999999884e+01
5.700000000000000000e+01 7.400000000000000000e+01 2.716700000000000159e+01 2.768189999999999884e+01
6.500000000000000000e+01 7.300000000000000000e+01 2.719119999999999848e+01 2.768189999999999884e+01
4.800000000000000000e+01 5.800000000000000000e+01 2.769040000000000035e+01 2.964440000000000097e+01
5.800000000000000000e+01 5.800000000000000000e+01 2.769180000000000064e+01 2.964440000000000097e+01
6.200000000000000000e+01 7.400000000000000000e+01 2.769409999999999883e+01 2.964440000000000097e+01
6.400000000000000000e+01 6.400000000000000000e+01 2.866799999999999926e+01 2.964440000000000097e+01
7.200000000000000000e+01 7.400000000000000000e+01 2.865190000000000126e+01 2.962910000000000110e+01
6.200000000000000000e+01 7.000000000000000000e+01 2.914649999999999963e+01 2.964440000000000097e+01
7.000000000000000000e+01 7.300000000000000000e+01 2.914689999999999870e+01 2.964440000000000097e+01
4.100000000000000000e+01 5.600000000000000000e+01 2.967409999999999926e+01 3.251729999999999876e+01
6.000000000000000000e+01 6.200000000000000000e+01 2.967849999999999966e+01 3.252740000000000009e+01
6.900000000000000000e+01 7.400000000000000000e+01 2.969079999999999941e+01 3.252740000000000009e+01
4.800000000000000000e+01 6.700000000000000000e+01 3.015780000000000172e+01 3.252740000000000009e+01
5.500000000000000000e+01 6.800000000000000000e+01 3.062950000000000017e+01 3.252740000000000009e+01
5.300000000000000000e+01 7.700000000000000000e+01 3.108879999999999910e+01 3.252740000000000009e+01
5.700000000000000000e+01 8.600000000000000000e+01 3.157929999999999993e+01 3.252740000000000009e+01
6.000000000000000000e+01 8.400000000000000000e+01 3.202620000000000289e+01 3.252740000000000009e+01
4.800000000000000000e+01 7.300000000000000000e+01 3.252429999999999666e+01 3.354200000000000159e+01
5.800000000000000000e+01 6.800000000000000000e+01 3.250650000000000261e+01 3.354200000000000159e+01
6.000000000000000000e+01 8.100000000000000000e+01 3.253909999999999769e+01 3.355579999999999785e+01
6.400000000000000000e+01 8.300000000000000000e+01 3.253710000000000235e+01 3.355960000000000321e+01
5.000000000000000000e+01 7.700000000000000000e+01 3.352420000000000044e+01 3.542029999999999745e+01
5.700000000000000000e+01 8.400000000000000000e+01 3.376839999999999975e+01 3.535889999999999844e+01
6.200000000000000000e+01 8.900000000000000000e+01 3.399419999999999931e+01 3.535889999999999844e+01
6.400000000000000000e+01 8.600000000000000000e+01 3.419780000000000086e+01 3.535889999999999844e+01
6.500000000000000000e+01 9.200000000000000000e+01 3.442929999999999779e+01 3.539110000000000156e+01
6.000000000000000000e+01 8.400000000000000000e+01 3.491409999999999769e+01 3.539110000000000156e+01
5.800000000000000000e+01 6.200000000000000000e+01 3.537409999999999854e+01 3.729229999999999734e+01
6.200000000000000000e+01 6.300000000000000000e+01 3.538100000000000023e+01 3.736569999999999681e+01
6.500000000000000000e+01 7.300000000000000000e+01 3.538589999999999947e+01 3.747010000000000218e+01
7.000000000000000000e+01 7.500000000000000000e+01 3.539620000000000033e+01 3.744279999999999831e+01
6.000000000000000000e+01 7.100000000000000000e+01 3.630949999999999989e+01 3.729229999999999734e+01
4.100000000000000000e+01 6.600000000000000000e+01 3.725710000000000122e+01 4.019769999999999754e+01
4.800000000000000000e+01 6.900000000000000000e+01 3.773169999999999646e+01 4.019769999999999754e+01
5.500000000000000000e+01 7.000000000000000000e+01 3.823760000000000048e+01 4.019769999999999754e+01
5.300000000000000000e+01 7.600000000000000000e+01 3.869590000000000174e+01 4.019769999999999754e+01
5.700000000000000000e+01 8.500000000000000000e+01 3.916049999999999898e+01 4.019769999999999754e+01
6.000000000000000000e+01 8.600000000000000000e+01 3.960130000000000194e+01 4.020029999999999859e+01
4.800000000000000000e+01 7.500000000000000000e+01 4.009749999999999659e+01 4.115849999999999653e+01
5.800000000000000000e+01 8.400000000000000000e+01 4.008769999999999811e+01 4.113329999999999842e+01
5.500000000000000000e+01 7.500000000000000000e+01 4.059629999999999939e+01 4.113329999999999842e+01
5.000000000000000000e+01 7.400000000000000000e+01 4.109810000000000230e+01 4.303059999999999974e+01
5.700000000000000000e+01 8.400000000000000000e+01 4.134879999999999711e+01 4.293169999999999931e+01
6.200000000000000000e+01 8.800000000000000000e+01 4.156900000000000261e+01 4.293169999999999931e+01
6.400000000000000000e+01 8.600000000000000000e+01 4.178719999999999857e+01 4.293169999999999931e+01
6.500000000000000000e+01 9.200000000000000000e+01 4.203349999999999653e+01 4.293169999999999931e+01
6.000000000000000000e+01 8.500000000000000000e+01 4.246170000000000044e+01 4.293310000000000315e+01
5.800000000000000000e+01 6.200000000000000000e+01 4.291320000000000334e+01 4.491100000000000136e+01
6.200000000000000000e+01 6.700000000000000000e+01 4.291230000000000189e+01 4.491100000000000136e+01
6.500000000000000000e+01 7.000000000000000000e+01 4.292770000000000152e+01 4.522890000000000299e+01
7.000000000000000000e+01 7.300000000000000000e+01 4.295190000000000197e+01 4.525589999999999691e+01
5.500000000000000000e+01 4.900000000000000000e+01 4.483389999999999986e+01 4.712299999999999756e+01
6.200000000000000000e+01 6.100000000000000000e+01 4.529809999999999803e+01 4.673069999999999879e+01
6.900000000000000000e+01 8.200000000000000000e+01 4.575560000000000116e+01 4.673069999999999879e+01
6.700000000000000000e+01 7.700000000000000000e+01 4.619930000000000092e+01 4.678320000000000078e+01
4.800000000000000000e+01 5.600000000000000000e+01 4.671719999999999828e+01 4.880169999999999675e+01
6.000000000000000000e+01 5.700000000000000000e+01 4.669279999999999831e+01 4.878799999999999670e+01
6.500000000000000000e+01 7.600000000000000000e+01 4.670080000000000098e+01 4.874790000000000134e+01
6.400000000000000000e+01 7.600000000000000000e+01 4.718229999999999791e+01 4.878799999999999670e+01
5.800000000000000000e+01 6.400000000000000000e+01 4.769089999999999918e+01 4.878799999999999670e+01
6.200000000000000000e+01 8.200000000000000000e+01 4.768010000000000304e+01 4.878799999999999670e+01
6.000000000000000000e+01 8.400000000000000000e+01 4.820349999999999824e+01 4.945810000000000173e+01
4.100000000000000000e+01 7.800000000000000000e+01 4.880279999999999774e+01 5.109850000000000136e+01
4.800000000000000000e+01 7.600000000000000000e+01 4.931640000000000157e+01 5.072579999999999956e+01
5.500000000000000000e+01 7.700000000000000000e+01 4.975359999999999872e+01 5.070250000000000057e+01
5.700000000000000000e+01 8.400000000000000000e+01 5.019350000000000023e+01 5.070250000000000057e+01
4.600000000000000000e+01 6.300000000000000000e+01 5.069080000000000297e+01 5.295519999999999783e+01
6.200000000000000000e+01 7.000000000000000000e+01 5.069330000000000069e+01 5.287590000000000146e+01
6.500000000000000000e+01 7.500000000000000000e+01 5.050099999999999767e+01 5.259380000000000166e+01
6.200000000000000000e+01 6.900000000000000000e+01 5.164479999999999649e+01 5.310929999999999751e+01
7.000000000000000000e+01 7.400000000000000000e+01 5.164620000000000033e+01 5.310929999999999751e+01
6.500000000000000000e+01 6.600000000000000000e+01 5.276700000000000301e+01 5.445720000000000027e+01
7.200000000000000000e+01 7.400000000000000000e+01 5.277409999999999712e+01 5.445720000000000027e+01
8.100000000000000000e+01 7.400000000000000000e+01 5.278999999999999915e+01 5.445720000000000027e+01
6.400000000000000000e+01 6.900000000000000000e+01 5.328020000000000067e+01 5.443200000000000216e+01
7.900000000000000000e+01 7.700000000000000000e+01 5.279330000000000211e+01 5.423259999999999792e+01
6.200000000000000000e+01 6.900000000000000000e+01 5.384159999999999968e+01 5.532009999999999650e+01
6.900000000000000000e+01 7.100000000000000000e+01 5.382339999999999947e+01 5.532009999999999650e+01
7.700000000000000000e+01 8.000000000000000000e+01 5.382569999999999766e+01 5.572659999999999769e+01
6.000000000000000000e+01 7.400000000000000000e+01 5.437189999999999657e+01 5.532009999999999650e+01
5.900000000000000000e+01 6.300000000000000000e+01 5.506819999999999737e+01 5.801389999999999958e+01
6.800000000000000000e+01 5.600000000000000000e+01 5.457710000000000150e+01 5.774719999999999942e+01
7.400000000000000000e+01 6.800000000000000000e+01 5.506750000000000256e+01 5.805049999999999955e+01
6.000000000000000000e+01 6.100000000000000000e+01 5.785060000000000002e+01 6.006000000000000227e+01
6.900000000000000000e+01 6.700000000000000000e+01 5.783050000000000068e+01 6.008200000000000074e+01
4.800000000000000000e+01 5.600000000000000000e+01 5.999199999999999733e+01 6.307229999999999848e+01
6.200000000000000000e+01 5.400000000000000000e+01 5.996800000000000352e+01 6.307229999999999848e+01
7.000000000000000000e+01 6.400000000000000000e+01 6.000750000000000028e+01 6.307229999999999848e+01
5.300000000000000000e+01 5.800000000000000000e+01 6.296209999999999951e+01 6.598390000000000555e+01
6.000000000000000000e+01 4.400000000000000000e+01 6.296329999999999671e+01 6.596980000000000643e+01
6.500000000000000000e+01 5.500000000000000000e+01 6.296079999999999899e+01 6.598149999999999693e+01
6.900000000000000000e+01 5.600000000000000000e+01 6.297030000000000172e+01 6.600950000000000273e+01
